4170861 2019. 04. 04.
6915170 2021. 01. 01.
4953658 2021. 01. 01.
3073247 2019. 04. 13.
5883129 2021. 01. 01.
6778950 2021. 01. 01.
1909559 2019. 04. 07.
5695155 2021. 01. 01.
2810806 2019. 03. 31.
2428647 2019. 04. 10.
3812852 2019. 04. 13.
7496716 2021. 01. 01.
5714712 2021. 01. 01.
5553856 2021. 01. 01.
2020534 2019. 03. 28.
3124033 2019. 04. 09.
8428783 2021. 01. 01.
6260818 2021. 01. 01.
6572582 2021. 01. 01.
1680423 2019. 04. 20.
8083666 2021. 01. 01.
4079697 2019. 03. 31.
7173483 2021. 01. 01.
2416208 2019. 03. 29.
6613988 2021. 01. 01.
7488245 2021. 01. 01.
4285646 2019. 04. 03.
4908462 2021. 01. 01.
2860308 2019. 04. 15.
2392696 2019. 04. 09.
7103073 2021. 01. 01.
7544688 2021. 01. 01.
3174090 2019. 04. 09.
3199016 2019. 03. 28.
5342733 2021. 01. 01.
2988151 2019. 04. 01.
3604318 2019. 04. 18.
5903283 2021. 01. 01.
7339656 2021. 01. 01.
8298945 2021. 01. 01.
7411225 2021. 01. 01.
2695690 2019. 04. 11.
1635738 2019. 04. 12.
4889787 2021. 01. 01.
1757871 2019. 04. 20.
1446402 2019. 03. 27.
5582641 2021. 01. 01.
3014974 2019. 04. 17.
3490438 2019. 04. 20.
6062061 2021. 01. 01.
4086050 2019. 04. 20.
4272667 2019. 03. 29.
6683778 2021. 01. 01.
6203972 2021. 01. 01.
5777139 2021. 01. 01.
1778762 2019. 04. 23.
2307205 2019. 04. 02.
4084050 2019. 04. 10.
3626570 2019. 04. 15.
6043343 2021. 01. 01.
1832854 2019. 04. 18.
6660794 2021. 01. 01.
7173733 2021. 01. 01.
6811000 2021. 01. 01.
7713298 2021. 01. 01.
6726298 2021. 01. 01.
4999003 2021. 01. 01.
2734415 2019. 03. 27.
6719550 2021. 01. 01.
7452962 2021. 01. 01.
6288325 2021. 01. 01.
2680822 2019. 04. 06.
2416648 2019. 03. 27.
2929511 2019. 04. 23.
4043370 2019. 03. 26.
3566719 2019. 04. 09.
6899335 2021. 01. 01.
1625693 2019. 03. 31.
2642616 2019. 04. 02.
8503224 2021. 01. 01.
7685698 2021. 01. 01.
4203895 2019. 04. 20.
2682572 2019. 04. 10.
7166183 2021. 01. 01.
8548072 2021. 01. 01.
4828139 2019. 04. 20.
7720638 2021. 01. 01.
5160966 2021. 01. 01.
5580906 2021. 01. 01.
4330588 2019. 04. 19.
4308928 2019. 04. 17.
5113302 2021. 01. 01.
7933379 2021. 01. 01.
3610536 2019. 04. 22.
5130178 2021. 01. 01.
6296650 2021. 01. 01.
6157980 2021. 01. 01.
5655523 2021. 01. 01.
1246775 2019. 04. 20.
1492335 2019. 03. 30.
7785045 2021. 01. 01.
1558980 2019. 04. 19.
1676110 2019. 04. 15.
7108351 2021. 01. 01.
6769795 2021. 01. 01.
6296073 2021. 01. 01.
4159578 2019. 03. 28.
8101371 2021. 01. 01.
3093248 2019. 04. 20.
1294498 2019. 04. 23.
3874145 2019. 04. 04.
4958323 2021. 01. 01.
4823310 2019. 04. 04.
3371927 2019. 04. 12.
1784216 2019. 04. 11.
8670174 2021. 01. 01.
1985378 2019. 04. 23.
5660300 2021. 01. 01.
4217129 2019. 04. 14.
6896976 2021. 01. 01.
2896921 2019. 03. 27.
3428075 2019. 03. 30.
8056608 2021. 01. 01.
3562274 2019. 04. 13.
3573899 2019. 04. 06.
3482160 2019. 04. 19.
5235400 2021. 01. 01.
1381583 2019. 04. 14.
2142405 2019. 04. 04.
2429605 2019. 04. 12.
2452817 2019. 04. 07.
3972945 2019. 03. 26.
4887239 2021. 01. 01.
7458024 2021. 01. 01.
6763482 2021. 01. 01.
3592127 2019. 04. 05.
2419868 2019. 04. 10.
8522670 2021. 01. 01.
6165371 2021. 01. 01.
7572658 2021. 01. 01.
5243441 2021. 01. 01.
4764322 2019. 03. 27.
6902035 2021. 01. 01.
6791472 2021. 01. 01.
2655701 2019. 04. 12.
3998725 2019. 04. 14.
7025479 2021. 01. 01.
8094236 2021. 01. 01.
1838676 2019. 04. 20.
5732907 2021. 01. 01.
2099972 2019. 04. 13.
7606412 2021. 01. 01.
4092518 2019. 04. 16.
1369225 2019. 04. 21.
1107011 2019. 03. 30.
7293303 2021. 01. 01.
6845628 2021. 01. 01.
5778111 2021. 01. 01.
4523463 2019. 04. 13.
8672009 2021. 01. 01.
7055395 2021. 01. 01.
7674936 2021. 01. 01.
2874199 2019. 04. 15.
4287127 2019. 04. 21.
1278972 2019. 04. 11.
2802172 2019. 03. 30.
1473856 2019. 03. 29.
2026930 2019. 03. 31.
4027245 2019. 04. 23.
5958271 2021. 01. 01.
5318527 2021. 01. 01.
3039034 2019. 04. 08.
8609835 2021. 01. 01.
3668737 2019. 04. 18.
2812472 2019. 04. 04.
8477728 2021. 01. 01.
7522167 2021. 01. 01.
4161024 2019. 04. 17.
8191493 2021. 01. 01.
5351348 2021. 01. 01.
3998955 2019. 04. 12.
3369126 2019. 04. 10.
7947890 2021. 01. 01.
7965746 2021. 01. 01.
4227411 2019. 04. 16.
1049299 2019. 04. 14.
5452573 2021. 01. 01.
6050696 2021. 01. 01.
7828336 2021. 01. 01.
2497175 2019. 04. 04.
4624566 2019. 03. 30.
7350631 2021. 01. 01.
6853231 2021. 01. 01.
2710990 2019. 04. 14.
1194280 2019. 04. 19.
5884349 2021. 01. 01.
7689049 2021. 01. 01.
2048702 2019. 04. 16.
5818332 2021. 01. 01.
5077443 2021. 01. 01.
7748601 2021. 01. 01.
6560019 2021. 01. 01.
6439940 2021. 01. 01.
1618545 2019. 03. 26.
6557752 2021. 01. 01.
4400156 2019. 03. 27.
6644937 2021. 01. 01.
4363028 2019. 04. 23.
2134652 2019. 04. 14.
8047931 2021. 01. 01.
7282011 2021. 01. 01.
5281467 2021. 01. 01.
3078159 2019. 04. 13.
8081898 2021. 01. 01.
8043584 2021. 01. 01.
4599571 2019. 04. 11.
3211526 2019. 04. 04.
6440364 2021. 01. 01.
1922738 2019. 04. 17.
3278366 2019. 04. 19.
3904063 2019. 04. 18.
6485628 2021. 01. 01.
8711695 2021. 01. 01.
2578081 2019. 04. 23.
5377187 2021. 01. 01.
8526928 2021. 01. 01.
5909473 2021. 01. 01.
6450159 2021. 01. 01.
6058456 2021. 01. 01.
1864300 2019. 04. 10.
1845264 2019. 04. 06.
4001010 2019. 04. 09.
7927835 2021. 01. 01.
1760675 2019. 04. 03.
6719396 2021. 01. 01.
1787378 2019. 04. 17.
5742127 2021. 01. 01.
3052766 2019. 03. 31.
2263286 2019. 04. 03.
6725301 2021. 01. 01.
1435016 2019. 04. 07.
2195996 2019. 04. 06.
7802449 2021. 01. 01.
7714480 2021. 01. 01.
1072123 2019. 04. 21.
5688460 2021. 01. 01.
5066855 2021. 01. 01.
3607723 2019. 04. 09.
4985581 2021. 01. 01.
4216516 2019. 04. 18.
2223555 2019. 03. 27.
4417166 2019. 04. 08.
2232894 2019. 04. 13.
5080887 2021. 01. 01.
1115748 2019. 04. 18.
3838895 2019. 04. 14.
6492129 2021. 01. 01.
5652985 2021. 01. 01.
6180610 2021. 01. 01.
1225599 2019. 04. 12.
7813080 2021. 01. 01.
5747583 2021. 01. 01.
5038436 2021. 01. 01.
8067183 2021. 01. 01.
2087171 2019. 04. 09.
8046769 2021. 01. 01.
5501746 2021. 01. 01.
7017848 2021. 01. 01.
3721562 2019. 04. 04.
4610234 2019. 04. 13.
7114674 2021. 01. 01.
3984092 2019. 04. 22.
2122094 2019. 03. 31.
1645252 2019. 04. 20.
4056052 2019. 04. 22.
4466022 2019. 04. 02.
6073703 2021. 01. 01.
1311796 2019. 04. 17.
3158414 2019. 04. 18.
4594006 2019. 04. 15.
5258579 2021. 01. 01.
2258830 2019. 03. 26.
1418983 2019. 04. 09.
4853174 2019. 04. 15.
4850107 2019. 04. 04.
4828987 2019. 04. 04.
4625489 2019. 04. 23.
4393183 2019. 04. 02.
8466204 2021. 01. 01.
3023275 2019. 03. 29.
4279844 2019. 04. 13.
1068887 2019. 04. 13.
7175294 2021. 01. 01.
2653572 2019. 04. 01.
6132094 2021. 01. 01.
6173411 2021. 01. 01.
4864581 2021. 01. 01.
1811441 2019. 04. 12.
8154920 2021. 01. 01.
5310365 2021. 01. 01.
2960983 2019. 03. 26.
1281167 2019. 04. 17.
3078710 2019. 04. 16.
1038645 2019. 04. 19.
5650092 2021. 01. 01.
7372276 2021. 01. 01.
2797089 2019. 04. 11.
2150619 2019. 04. 23.
7551801 2021. 01. 01.
1644709 2019. 04. 15.
3102788 2019. 04. 21.
7450049 2021. 01. 01.
3375834 2019. 04. 08.
8126741 2021. 01. 01.
6591985 2021. 01. 01.
2604432 2019. 04. 21.
1749656 2019. 04. 23.
8352867 2021. 01. 01.
2881784 2019. 04. 06.
2966139 2019. 04. 13.
2345872 2019. 04. 21.
5859839 2021. 01. 01.
3703913 2019. 04. 13.
6658321 2021. 01. 01.
2622436 2019. 04. 22.
6389494 2021. 01. 01.
4833153 2019. 03. 30.
3328753 2019. 04. 03.
8437058 2021. 01. 01.
4130928 2019. 04. 14.
5503124 2021. 01. 01.
6932966 2021. 01. 01.
2984629 2019. 04. 17.
8383535 2021. 01. 01.
1581897 2019. 03. 27.
6907567 2021. 01. 01.
8271797 2021. 01. 01.
6024674 2021. 01. 01.
3462163 2019. 04. 09.
8580292 2021. 01. 01.
5528701 2021. 01. 01.
2761792 2019. 03. 28.
3236252 2019. 04. 16.
8435606 2021. 01. 01.
1028178 2019. 04. 04.
1356550 2019. 04. 09.
4725841 2019. 04. 22.
7647239 2021. 01. 01.
1762904 2019. 04. 16.
1147551 2019. 04. 20.
8692772 2021. 01. 01.
6581001 2021. 01. 01.
1713954 2019. 04. 17.
1174653 2019. 04. 01.
5761123 2021. 01. 01.
5358254 2021. 01. 01.
5223048 2021. 01. 01.
3207650 2019. 04. 07.
8496432 2021. 01. 01.
8206702 2021. 01. 01.
1315498 2019. 04. 14.
5627612 2021. 01. 01.
1063476 2019. 04. 14.
3560090 2019. 04. 16.
7340948 2021. 01. 01.
4433490 2019. 03. 31.
2430674 2019. 04. 22.
3446435 2019. 04. 04.
7010149 2021. 01. 01.
7302748 2021. 01. 01.
2901077 2019. 03. 31.
3702373 2019. 03. 26.
3173542 2019. 03. 28.
7222255 2021. 01. 01.
2931438 2019. 04. 04.
4824618 2019. 04. 22.
1301764 2019. 04. 10.
3082625 2019. 04. 08.
3915742 2019. 03. 31.
3515179 2019. 04. 19.
3726534 2019. 04. 08.
7279310 2021. 01. 01.
3549312 2019. 04. 03.
6996091 2021. 01. 01.
1595738 2019. 04. 01.
5177812 2021. 01. 01.
5124093 2021. 01. 01.
1006348 2019. 04. 17.
8095704 2021. 01. 01.
3314232 2019. 04. 20.
7548296 2021. 01. 01.
5832907 2021. 01. 01.
1236603 2019. 04. 17.
5401818 2021. 01. 01.
5922024 2021. 01. 01.
3049359 2019. 04. 04.
8639695 2021. 01. 01.
7067778 2021. 01. 01.
6917575 2021. 01. 01.
4479541 2019. 03. 31.
1528319 2019. 04. 17.
4365050 2019. 04. 17.
4485239 2019. 03. 31.
7108203 2021. 01. 01.
5996259 2021. 01. 01.
3952112 2019. 04. 16.
2496259 2019. 03. 29.
1184969 2019. 04. 06.
2912640 2019. 04. 15.
7209633 2021. 01. 01.
2172738 2019. 04. 13.
4301698 2019. 03. 30.
7051401 2021. 01. 01.
4319026 2019. 03. 31.
1462884 2019. 04. 06.
4688169 2019. 03. 26.
1533691 2019. 04. 09.
7070309 2021. 01. 01.
8213531 2021. 01. 01.
5614126 2021. 01. 01.
7357626 2021. 01. 01.
5501644 2021. 01. 01.
5377274 2021. 01. 01.
2757210 2019. 04. 10.
8339099 2021. 01. 01.
5466476 2021. 01. 01.
5368620 2021. 01. 01.
3025428 2019. 04. 16.
6158915 2021. 01. 01.
5411019 2021. 01. 01.
1062584 2019. 03. 28.
7176944 2021. 01. 01.
3708463 2019. 04. 10.
7190723 2021. 01. 01.
3191514 2019. 04. 07.
6814616 2021. 01. 01.
4545715 2019. 04. 22.
3000251 2019. 04. 16.
3562495 2019. 04. 12.
3729966 2019. 04. 12.
6894342 2021. 01. 01.
3600757 2019. 03. 27.
5092628 2021. 01. 01.
7918624 2021. 01. 01.
6140418 2021. 01. 01.
1038266 2019. 04. 22.
8162531 2021. 01. 01.
6549958 2021. 01. 01.
3212230 2019. 04. 14.
3811910 2019. 04. 08.
7499861 2021. 01. 01.
6685798 2021. 01. 01.
7437658 2021. 01. 01.
1660038 2019. 04. 20.
1042656 2019. 04. 12.
7648637 2021. 01. 01.
7360494 2021. 01. 01.
4641734 2019. 04. 10.
8440523 2021. 01. 01.
2190408 2019. 03. 27.
3680746 2019. 03. 27.
3765534 2019. 04. 04.
6980232 2021. 01. 01.
6825233 2021. 01. 01.
2196622 2019. 04. 23.
1026863 2019. 04. 04.
2073182 2019. 04. 20.
7361418 2021. 01. 01.
4674828 2019. 04. 02.
7530538 2021. 01. 01.
4712732 2019. 04. 07.
7114629 2021. 01. 01.
2980873 2019. 04. 21.
7192238 2021. 01. 01.
4231732 2019. 04. 04.
8033259 2021. 01. 01.
7411444 2021. 01. 01.
4125431 2019. 04. 03.
5264474 2021. 01. 01.
4912561 2021. 01. 01.
7926070 2021. 01. 01.
7386167 2021. 01. 01.
2634094 2019. 04. 09.
5182069 2021. 01. 01.
8452706 2021. 01. 01.
4658969 2019. 03. 27.
2896066 2019. 03. 30.
7401975 2021. 01. 01.
1730529 2019. 04. 23.
8435653 2021. 01. 01.
2269066 2019. 04. 11.
2947651 2019. 04. 16.
7413747 2021. 01. 01.
2048789 2019. 04. 09.
7600398 2021. 01. 01.
5656252 2021. 01. 01.
4558727 2019. 04. 07.
3542738 2019. 04. 15.
2173231 2019. 04. 06.
5856019 2021. 01. 01.
4712669 2019. 04. 14.
3631494 2019. 04. 03.
4669550 2019. 03. 28.
7403916 2021. 01. 01.
7058569 2021. 01. 01.
7239812 2021. 01. 01.
5360252 2021. 01. 01.
7897149 2021. 01. 01.
8187789 2021. 01. 01.
3398733 2019. 04. 15.
4694978 2019. 04. 06.
6730656 2021. 01. 01.
2424074 2019. 04. 06.
1342715 2019. 04. 05.
1836111 2019. 04. 05.
3674748 2019. 04. 08.
8398010 2021. 01. 01.
4222162 2019. 04. 07.
6686526 2021. 01. 01.
4108241 2019. 03. 26.
4640137 2019. 04. 06.
6033395 2021. 01. 01.
1960101 2019. 03. 31.
8519371 2021. 01. 01.
2699848 2019. 04. 22.
7058761 2021. 01. 01.
3833918 2019. 04. 18.
7671326 2021. 01. 01.
7607533 2021. 01. 01.
2809274 2019. 03. 30.
2081626 2019. 04. 17.
4068244 2019. 04. 16.
2310368 2019. 04. 11.
6636494 2021. 01. 01.
2519049 2019. 04. 15.
6886083 2021. 01. 01.
4039117 2019. 04. 22.
6548810 2021. 01. 01.
8067855 2021. 01. 01.
1341982 2019. 04. 15.
8429649 2021. 01. 01.
6890052 2021. 01. 01.
4299308 2019. 03. 27.
5703307 2021. 01. 01.
1394819 2019. 04. 06.
6722519 2021. 01. 01.
2373593 2019. 03. 29.
4888714 2021. 01. 01.
3808360 2019. 04. 08.
1720477 2019. 03. 28.
5585313 2021. 01. 01.
7789968 2021. 01. 01.
6007314 2021. 01. 01.
4136946 2019. 04. 09.
1771234 2019. 03. 30.
5638594 2021. 01. 01.
3380452 2019. 03. 27.
8011059 2021. 01. 01.
1933186 2019. 04. 13.
2124229 2019. 04. 19.
1163564 2019. 04. 09.
7854211 2021. 01. 01.
8183751 2021. 01. 01.
3677994 2019. 03. 27.
1781037 2019. 03. 30.
2926888 2019. 04. 15.
1653115 2019. 04. 23.
3552479 2019. 03. 27.
7787479 2021. 01. 01.
8332998 2021. 01. 01.
6513559 2021. 01. 01.
5515323 2021. 01. 01.
5035567 2021. 01. 01.
4786813 2019. 04. 13.
2137647 2019. 04. 19.
8216415 2021. 01. 01.
8608121 2021. 01. 01.
6329750 2021. 01. 01.
8417751 2021. 01. 01.
